020101003801202308
020101012701202308
020101012709202308
020101013501202308
020101013509202308
020101014301202308
020101014307202308
020101014309202308
020101016001202308
020101016009202308
020101020801202308
020101020809202308
020101024001202308
020101024007202308
020101024009202308
020101025901202308
020101026701202308
020101026707202308
020101026709202308
020101027503202308
020101027507202308
020101027509202308
020101030501202308
020101030507202308
020101030509202308
020101031301202308
020101031307202308
020101031309202308
020101032101202308
020101032107202308
020101032109202308
020101033001202308
020101033007202308
020101033009202308
020101040201202308
020101040207202308
020101040209202308
020101053401202308
020101053409202308
020101055001202308
020101055009202308
020904003301202308
020904003307202308
020904003309202308
020904005001202308
020904005007202308
020904005009202308
021105009101202308
021105010503202308
021105010507202308
021105010509202308
021105014801202308
030106001003202308
030106001007202308
030106007001202308
030106007003202308
030106007007202308
030106007009202308
030106008803202308
030109001703202308
030109001709202308
030109001713202308
030109002503202308
030109002509202308
030109002513202308
030301001003202308
030301001007202308
030301002903202308
030301002907202308
030301003703202308
030301003707202308
030301004503202308
030301004507202308
030301005303202308
030301005307202308
030301006103202308
030301006107202308
030301007003202308
030301007007202308
030301008803202308
030301008807202308
030301009603202308
030301009607202308
030301010003202308
030301010007202308
030301011803202308
030301011807202308
030301012603202308
030301012607202308
030301013403202308
030301013407202308
030301014203202308
030301014207202308
030301015003202308
030301015007202308
030301016903202308
030301016907202308
030301017703202308
030301017707202308
030301018503202308
030301018507202308
030301019303202308
030301019307202308
030301020703202308
030301020707202308
030301021503202308
030301021506202308
030301021507202308
030302003203202308
030302003207202308
030302004003202308
030302004007202308
030302005903202308
030302005907202308
030302006703202308
030302006707202308
030302007503202308
030302007507202308
030302008303202308
030302008307202308
030303001107202308
030303001111202308
030303002003202308
030303002007202308
030303003803202308
030303003807202308
030303004603202308
030303004607202308
030303005403202308
030303005407202308
030303006203202308
030303006207202308
030304001703202308
030304001707202308
030304002503202308
030304002507202308
030304003303202308
030304003307202308
030304004103202308
030304004107202308
030304005003202308
030304005007202308
030304006803202308
030304006807202308
030304007603202308
030304007607202308
030304008401202308
030304008403202308
030304008407202308
030304009201202308
030304009203202308
030304009207202308
030304010603202308
030304010607202308
030304011401202308
030304011403202308
030304011407202308
030304012201202308
030304012203202308
030304012207202308
030304013003202308
030304013007202308
030304014903202308
030304014907202308
030304015703202308
030304015707202308
030304016503202308
030304016507202308
030304017303202308
030304017307202308
030304018103202308
030304019003202308
030304019007202308
030304020303202308
030304020307202308
030304021103202308
030304021107202308
030304022003202308
030304022007202308
030304023803202308
030304023807202308
030304024603202308
030304024607202308
030304025403202308
030304025407202308
030304026203202308
030304026207202308
030304027003202308
030304027007202308
030304028903202308
030304029703202308
030304029707202308
030304030003202308
030305013603202308
030305013607202308
030305014403202308
030305014407202308
030306001803202308
030306001807202308
030306002603202308
030306002607202308
030306003403202308
030306003407202308
030306004203202308
030306004207202308
030306005003202308
030306005007202308
030306006903202308
030306006907202308
030306007703202308
030306007707202308
030306008503202308
030306008507202308
030306009303202308
030306009307202308
030306010703202308
030306010707202308
030306011503202308
030306011507202308
030306012303202308
030306012307202308
030306013103202308
030306013107202308
030306014003202308
030306014007202308
030306015803202308
030306015807202308
030306016603202308
030306016607202308
030306017403202308
030306017407202308
030306018203202308
030306018207202308
030306019003202308
030306019007202308
030306020403202308
030306020407202308
030306021203202308
030306021207202308
030306022001202308
030306022003202308
030306022007202308
030306023903202308
030306023907202308
030306024703202308
030306024707202308
030306025503202308
030306025507202308
030306026303202308
030306026307202308
030306027103202308
030306027107202308
030306028003202308
030306028007202308
030306029803202308
030306029807202308
030306030103202308
030306030107202308
030307006403202308
030307006407202308
030307007203202308
030307007207202308
030307008003202308
030307008007202308
030307009903202308
030307009907202308
030307010203202308
030307010207202308
030307011003202308
030307011007202308
030307012903202308
030307012907202308
030307013701202308
030308004303202308
030308004307202308
030308005103202308
030308005107202308
030308006003202308
030308006007202308
030308007803202308
030308007807202308
030308008603202308
030308008607202308
030308009403202308
030308009407202308
030309013803202308
030309013807202308
030309013809202308
030309019703202308
030309019707202308
030309019709202308
030309023503202308
030309023507202308
030309023509202308
030309031603202308
030309031607202308
030310001002202308
030310001003202308
030310001007202308
030310002802202308
030310002803202308
030310002807202308
030310003602202308
030310003603202308
030310003607202308
030310004402202308
030310004403202308
030310004407202308
030310005202202308
030310005203202308
030310005207202308
030311001503202308
030311001507202308
030311002303202308
030311002307202308
030311003103202308
030311003107202308
030311004003202308
030311004007202308
030311005803202308
030311005807202308
030311006603202308
030311006607202308
030311007403202308
030311007407202308
030311008203202308
030311008207202308
030311009003202308
030311009007202308
030311010403202308
030311010407202308
030311011203202308
030311011207202308
030313001604202308
030313002404202308
030313003204202308
030313004004202308
030313005904202308
030313006704202308
030313007504202308
030313008304202308
030314002003202308
030314002007202308
030314003803202308
030314003807202308
030314004603202308
030314004607202308
030314005403202308
030314005407202308
030314006203202308
030314006207202308
030314007003202308
030314007007202308
030314008903202308
030314008907202308
030314009703202308
030314009707202308
030314010003202308
030314010007202308
030314011903202308
030314011907202308
030314012703202308
030314012707202308
030314013503202308
030314013507202308
030314014303202308
030314014307202308
030314015103202308
030314015107202308
030315001703202308
030315001707202308
030315002503202308
030315002507202308
030315003303202308
030315003307202308
030315004103202308
030315004107202308
030315005003202308
030315005007202308
030315006803202308
030315006807202308
030316001207202308
030316002007202308
030316003907202308
030316004707202308
030316005507202308
030316006307202308
030316007107202308
030317009305202308
030317009307202308
030317010707202308
030317010714202308
030317013102202308
030317013103202308
030317013105202308
030317013107202308
030317013187202308
030317014002202308
030317014003202308
030317014005202308
030317014007202308
030317014087202308
030317015802202308
030317015803202308
030317015805202308
030317015807202308
030317015887202308
030317016602202308
030317016603202308
030317016605202308
030317016607202308
030317016687202308
030317017402202308
030317017403202308
030317017405202308
030317017407202308
030317017487202308
030317018202202308
030317018203202308
030317018205202308
030317018207202308
030317018287202308
030317019005202308
030317019007202308
030317020405202308
030317020407202308
030318001303202308
030318001307202308
030318003003202308
030318003007202308
030318004803202308
030318004807202308
030318005603202308
030318005607202308
030318006403202308
030318006407202308
030318007207202308
030318007210202308
030319001903202308
030319001907202308
030319001908202308
030401011103202308
030401011107202308
030401035903202308
030401035907202308
030401049903202308
030401049907202308
030401059603202308
030401059607202308
030408002003202308
030408002007202308
030408003903202308
030408003907202308
030408003909202308
030408004703202308
030408006303202308
030409001803202308
030409001807202308
030409002603202308
030409002607202308
030409003403202308
030409003407202308
030409004203202308
030409004207202308
030410001303202308
030410001307202308
030410001309202308
030410002103202308
030410002107202308
030501017403202308
030501017407202308
030502001303202308
030502001307202308
030502002103202308
030502002107202308
030502003003202308
030502003007202308
030502004803202308
030502004807202308
030502005603202308
030502005607202308
030701005801202308
030701005803202308
030701005807202308
030701005809202308
030702003701202308
030702003703202308
030702003707202308
030702003709202308
030702004501202308
030702004503202308
030702004507202308
030702004509202308
030702005301202308
030702005303202308
030702005307202308
030702005309202308
030702006101202308
030702006103202308
030702006107202308
030702006109202308
030702008801202308
030702008803202308
030702008807202308
030702008809202308
030702009601202308
030702009603202308
030702009607202308
030702009609202308
030702010001202308
030702010003202308
030702010007202308
030702010009202308
030702011801202308
030702011803202308
030702011807202308
030702011809202308
030703003201202308
030703003203202308
030703003207202308
030703003209202308
030704001101202308
030704001103202308
030704001107202308
030704001109202308
030704006201202308
030704006203202308
030704006207202308
030704006209202308
030704008901202308
030704008903202308
030704008907202308
030704008909202308
030801001901202308
030801001903202308
030801001907202308
030801002703202308
030801002707202308
030801003501202308
030801003503202308
030801003507202308
030801004301202308
030801004303202308
030801004307202308
030802002203202308
030802002207202308
030802003003202308
030802003007202308
030803001003202308
030803001007202308
030803002803202308
030803002807202308
030803003601202308
030803003603202308
030803003607202308
030803003683202308
030804001501202308
030804001503202308
030804001507202308
030804002303202308
030804002307202308
030901003901202308
030901003903202308
030901003907202308
031001003901202308
031001003902202308
031001003903202308
031001004701202308
031001004702202308
031001004703202308
031001005502202308
040102001001202308
040102001007202308
040102001009202308
040102002901202308
040102002907202308
040102002909202308
040102003701202308
040102003707202308
040102003709202308
040102004501202308
040102004507202308
040102004509202308
040102005301202308
040102005307202308
040102005309202308
040102006101202308
040102006107202308
040102006109202308
040102007001202308
040102007007202308
040102007009202308
040102008801202308
040102008807202308
040102008809202308
040102009601202308
040102009607202308
040102009609202308
040102010001202308
040102010007202308
040102010009202308
040102011801202308
040102011807202308
040102011809202308
040102012601202308
040102012607202308
040102012609202308
040102013401202308
040102013409202308
040102014201202308
040102014207202308
040102014209202308
040102015001202308
040102015007202308
040102015009202308
040102016901202308
040102016907202308
040102016909202308
040201001901202308
040201001907202308
040201002701202308
040201002707202308
040201003501202308
040201003507202308
040201003509202308
040201004301202308
040201004307202308
040201004309202308
040201005101202308
040201005107202308
040202001401202308
040202001407202308
040202002201202308
040202002207202308
040301001201202308
040301001207202308
040301002001202308
040301002007202308
040301003901202308
040301003907202308
040301004701202308
040301004707202308
040301005501202308
040301005507202308
040301006301202308
040301006307202308
040301007101202308
040301007107202308
040301008001202308
040301008007202308
040301008009202308
040301009801202308
040301009807202308
040301010101202308
040301010107202308
040301011001202308
040301011007202308
040301012801202308
040301012807202308
040301013601202308
040301013607202308
040301014401202308
040301014407202308
040301015201202308
040301015207202308
040301016001202308
040301016007202308
040301017901202308
040301017907202308
040301018701202308
040301018707202308
040301019501202308
040301019507202308
040301020901202308
040301020907202308
040301021701202308
040301021707202308
040301022501202308
040301022507202308
040301023301202308
040301023307202308
040301024101202308
040301024107202308
040301025001202308
040301025007202308
040301026801202308
040301026807202308
040301027601202308
040301027607202308
040301028401202308
040301028407202308
040301029201202308
040301029207202308
040301030601202308
040301030607202308
040301031401202308
040301031407202308
040301032201202308
040301032207202308
040301033001202308
040301033007202308
040301034901202308
040301034907202308
040301035701202308
040301035707202308
040301036501202308
040301036507202308
040301039001202308
040301039003202308
040301039007202308
040302001801202308
040302001807202308
040302002601202308
040302002607202308
040302003401202308
040302003407202308
040302004201202308
040302004207202308
040302005001202308
040302005007202308
040302006901202308
040302006907202308
040302007701202308
040302007707202308
040302007709202308
040302008501202308
040302008507202308
040302008509202308
040302009301202308
040302009307202308
040302009309202308
040302010701202308
040302010707202308
040302011501202308
040302011507202308
040302012301202308
040302012307202308
040302012309202308
040302013101202308
040302013107202308
040303001301202308
040303001307202308
040303002101202308
040303002107202308
040303003001202308
040303003007202308
040303004801202308
040303004807202308
040303005601202308
040303005607202308
040303006401202308
040303006407202308
040303008001202308
040303008007202308
040303009901202308
040303009907202308
040303010201202308
040303010207202308
040303011001202308
040303011007202308
040303012901202308
040303012907202308
040303013701202308
040303013707202308
040303014501202308
040303014507202308
040303015301202308
040303015307202308
040303016101202308
040303016107202308
040304001901202308
040304001907202308
040304002701202308
040304002707202308
040304005101202308
040304005107202308
040304006001202308
040304006007202308
040304007801202308
040304007807202308
040304008601202308
040304008607202308
040304009401202308
040304009407202308
040304010801202308
040304010807202308
040304011601202308
040304011607202308
040304012401202308
040304012407202308
040305003001202308
040305003003202308
040305003007202308
040305004901202308
040305004907202308
040305005701202308
040305006501202308
040305006507202308
040305007301202308
040305007307202308
040305009001202308
040305009007202308
040305009009202308
040305010301202308
040305010307202308
040305010309202308
040305011101202308
040305011107202308
040305012001202308
040305012007202308
040305013801202308
040305013807202308
040305014601202308
040305014607202308
040305015401202308
040305015407202308
040305016201202308
040306001001202308
040306001007202308
040306002801202308
040306002807202308
040306003601202308
040306003607202308
040306004401202308
040306004407202308
040306005201202308
040306005207202308
040306006001202308
040306006007202308
040306007901202308
040306007907202308
040306008701202308
040306008707202308
040306009501202308
040306009507202308
040307001501202308
040307004001202308
040307004007202308
040307005801202308
040307005807202308
040307008201202308
040307009001202308
040307010401202308
040307011201202308
040307012001202308
040307013901202308
040307013907202308
040307014701202308
040307014707202308
040307015501202308
040307015507202308
040307016301202308
040307016307202308
040308001001202308
040308002901202308
040308003701202308
040308004501202308
040308005301202308
040308005307202308
040308006101202308
040308007001202308
040308007007202308
040308008801202308
040308008807202308
040308009601202308
040308009607202308
040308010001202308
040401001601202308
040401001605202308
040401001609202308
040401002401202308
040401002407202308
040401002409202308
040401003201202308
040401003207202308
040401003209202308
040401004001202308
040401004007202308
040401004009202308
040401005901202308
040401005907202308
040401005909202308
040401006701202308
040401006707202308
040401006709202308
040401008301202308
040401008307202308
040401008309202308
040401010501202308
040401010507202308
040401010509202308
040401011301202308
040401011307202308
040401011309202308
040401012101202308
040401012107202308
040401012109202308
040401013001202308
040401013007202308
040401013009202308
040401014801202308
040401014807202308
040401014809202308
040401016401202308
040401016407202308
040401016409202308
040401017201202308
040401017207202308
040401018001202308
040401018007202308
040401019901202308
040401019907202308
040401020201202308
040401020207202308
040401021001202308
040401021007202308
040401021009202308
040401022901202308
040401022907202308
040401022909202308
040401023701202308
040401023707202308
040401023709202308
040401028801202308
040401028807202308
040401028809202308
040401031801202308
040401031807202308
040401031809202308
040401032601202308
040401032607202308
040401032609202308
040401033401202308
040401033407202308
040401033409202308
040401035001202308
040401035007202308
040401035009202308
040401037701202308
040401037707202308
040401037709202308
040401038501202308
040401038507202308
040401038509202308
040401040701202308
040401040707202308
040401040709202308
040401041501202308
040401041507202308
040401041509202308
040401043101202308
040401043107202308
040401045801202308
040401045807202308
040401046601202308
040401046607202308
040401046609202308
040401047401202308
040401047407202308
040401047409202308
040401048201202308
040401048207202308
040401048209202308
040401049001202308
040401049007202308
040401049009202308
040401050401202308
040401050407202308
040401050409202308
040401051201202308
040401051207202308
040401051209202308
040401052001202308
040401052007202308
040401052009202308
040401053901202308
040401053907202308
040401053909202308
040401054701202308
040401054707202308
040401055501202308
040401055507202308
040401055509202308
040401056301202308
040401056309202308
040401057101202308
040401057107202308
040401058001202308
040401058007202308
040401059801202308
040401059807202308
040401060101202308
040401060107202308
040401061001202308
040401061007202308
040401062801202308
040401062807202308
040401063601202308
040401063607202308
040401064401202308
040401064407202308
040401065201202308
040401065207202308
040402001101202308
040402001107202308
040402001109202308
040402003801202308
040402003807202308
040402003809202308
040402004601202308
040402004607202308
040402004609202308
040402006201202308
040402006207202308
040402007001202308
040402007007202308
040402007009202308
040402008901202308
040402008907202308
040402008909202308
040402010001202308
040402010003202308
040402010007202308
040402010009202308
040402011901202308
040402011907202308
040402011909202308
040402013501202308
040402013507202308
040402014301202308
040402014307202308
040402014309202308
040402017801202308
040402017807202308
040402020801202308
040402020807202308
040402020809202308
040402022401202308
040402022407202308
040402023201202308
040402023207202308
040402023209202308
040402024001202308
040402024007202308
040402024009202308
040402027501202308
040402027507202308
040402029101202308
040402029107202308
040402031301202308
040402031307202308
040402031309202308
040402032101202308
040402032107202308
040402032109202308
040402034801202308
040402034807202308
040402034809202308
040402035601202308
040402035607202308
040402035609202308
040402038001202308
040402038007202308
040402039901202308
040402039907202308
040402039909202308
040402042901202308
040402042907202308
040402042909202308
040402045301202308
040402045307202308
040402045309202308
040402046101202308
040402046107202308
040402046109202308
040402047001202308
040402047007202308
040402047009202308
040402048801202308
040402048807202308
040402048809202308
040402049601202308
040402049607202308
040402050001202308
040402050007202308
040402051801202308
040402051807202308
040402051809202308
040402052601202308
040402052607202308
040402053401202308
040402053407202308
040402054201202308
040402054207202308
040402054209202308
040402055001202308
040402055007202308
040402056901202308
040402056907202308
040402056909202308
040402057701202308
040402057707202308
040402057709202308
040402058501202308
040402058507202308
040402059301202308
040402059307202308
040402060701202308
040402060707202308
040402064001202308
040402064007202308
040402064009202308
040402065801202308
040402065807202308
040402065809202308
040402066601202308
040402066607202308
040402066609202308
040402069001202308
040402069007202308
040402070401202308
040402070407202308
040402071201202308
040402071207202308
040402071209202308
040402072001202308
040402072007202308
040402073901202308
040402073907202308
040402077101202308
040402077107202308
040402077109202308
040402078001202308
040402078007202308
040403001701202308
040403001707202308
040403001709202308
040403003301202308
040403003307202308
040403004101202308
040403004107202308
040403004109202308
040403005001202308
040403005007202308
040403005009202308
040403006801202308
040403006807202308
040403006809202308
040403007601202308
040403007607202308
040403007609202308
040403008401202308
040403008407202308
040403008409202308
040403010601202308
040403010607202308
040403010609202308
040403012201202308
040403012207202308
040403012209202308
040403013001202308
040403013007202308
040403013009202308
040403015701202308
040403015707202308
040403015709202308
040403016501202308
040403016507202308
040403016509202308
040403017301202308
040403017307202308
040403017309202308
040403019001202308
040403019007202308
040403019009202308
040403022001202308
040403022007202308
040403022009202308
040403024601202308
040403024607202308
040403024609202308
040403025401202308
040403025407202308
040403025409202308
040403026201202308
040403026207202308
040403026209202308
040403027001202308
040403027007202308
040403027009202308
040403028901202308
040403028907202308
040403029701202308
040403029707202308
040403030001202308
040403030007202308
040403031901202308
040403031907202308
040403031909202308
040403032701202308
040403032707202308
040501001001202308
040501001007202308
040501001009202308
040501002801202308
040501002807202308
040501002809202308
040501003601202308
040501003607202308
040501003609202308
040501007901202308
040501007907202308
040501007909202308
040501008701202308
040501008707202308
040501008709202308
040501011701202308
040501011707202308
040501011709202308
040501012501202308
040501012507202308
040501012509202308
040501013301202308
040501013307202308
040501013309202308
040501015001202308
040501015007202308
040501015009202308
040501017601202308
040501017607202308
040501017609202308
040502001501202308
040502001507202308
040502001509202308
040502002301202308
040502002307202308
040502002309202308
040503001001202308
040503001007202308
040503001009202308
040503002901202308
040503002907202308
040503002909202308
040503007001202308
040503007007202308
040503007009202308
040503009601202308
040503009607202308
040503009609202308
040503011801202308
040503011807202308
040503011809202308
040503013401202308
040503013407202308
040503013409202308
040503014201202308
040503014207202308
040503014209202308
040503016901202308
040503016907202308
040503016909202308
040503017701202308
040503017707202308
040503017709202308
040503018501202308
040503018507202308
040503019301202308
040503019307202308
040503020701202308
040503020707202308
040503020709202308
040504001601202308
040504001607202308
040504001609202308
040504002401202308
040504002407202308
040504002409202308
040504004001202308
040504004007202308
040504004009202308
040504005901202308
040504005907202308
040504005909202308
040504006701202308
040504006707202308
040504006709202308
040504007501202308
040504007507202308
040504007509202308
040504008301202308
040504008307202308
040504008309202308
040504009101202308
040504009107202308
040504009109202308
040504010501202308
040504010507202308
040504010509202308
040504014801202308
040504014807202308
040504014809202308
040504015601202308
040504015607202308
040504015609202308
040504016401202308
040504016407202308
040504016409202308
040504018001202308
040504018007202308
040504020201202308
040504020207202308
040504020209202308
040504021001202308
040504021007202308
040504021009202308
040505001101202308
040505001107202308
040505001109202308
040505004601202308
040505004607202308
040505004609202308
040505005401202308
040505005407202308
040505005409202308
040505009701202308
040505009707202308
040505009709202308
040505010001202308
040505010007202308
040505010009202308
040505011901202308
040505011907202308
040505011909202308
040505013501202308
040505013507202308
040505013509202308
040505014301202308
040505014307202308
040505014309202308
040505015101202308
040505015107202308
040505015109202308
040505018601202308
040505018607202308
040505018609202308
040505021601202308
040505021607202308
040505021609202308
040505022401202308
040505022407202308
040505022409202308
040505023201202308
040505023207202308
040505023209202308
040505031301202308
040505031307202308
040505031309202308
040505032101202308
040505032107202308
040505032109202308
040505035601202308
040505035607202308
040505035609202308
040505037201202308
040505037207202308
040505037209202308
040505038001202308
040505038007202308
040505038009202308
040505039901202308
040505039907202308
040505039909202308
040505040201202308
040505040209202308
040601001301202308
040601001307202308
040601002101202308
040601003001202308
040601004801202308
040601005601202308
040601006401202308
040601007201202308
040601007207202308
040601008001202308
040601009901202308
040601010201202308
040601010207202308
040601011001202308
040601011007202308
040601013701202308
040601013707202308
040601015301202308
040601015307202308
040601016101202308
040601017001202308
040601017007202308
040601018801202308
040601019601202308
040601019607202308
040601020001202308
040601020007202308
040601021801202308
040601021807202308
040601022601202308
040601022607202308
040601023401202308
040601024201202308
040601025001202308
040601025007202308
040601026901202308
040601026907202308
040601027701202308
040601027707202308
040601028501202308
040601028507202308
040601029301202308
040601030701202308
040601031501202308
040601032301202308
040601033101202308
040601033107202308
040601034001202308
040601035801202308
040601036601202308
040601036607202308
040601037401202308
040601037407202308
040601038201202308
040601039001202308
040601039007202308
040601040401202308
040601041201202308
040601041207202308
040601042001202308
040601042007202308
040601043901202308
040601044701202308
040601044707202308
040601045501202308
040601046301202308
040601046307202308
040601047101202308
040601047107202308
040601048001202308
040601049801202308
040601049807202308
040601050101202308
040601051001202308
040601051007202308
040601052801202308
040601052807202308
040601053601202308
040601054401202308
040601055201202308
040601056001202308
040601056007202308
040601056009202308
040601057901202308
040601058701202308
040601058709202308
040601059501202308
040601060901202308
040601061701202308
040601062501202308
040601063301202308
040601063309202308
040601064101202308
040601064107202308
040601064109202308
040601065001202308
040601065009202308
040601066801202308
040601066807202308
040601066809202308
040601067601202308
040601067607202308
040601067609202308
040601068401202308
040601068407202308
040601068409202308
040601069201202308
040601069207202308
040601070601202308
040601071401202308
040601071407202308
040601071409202308
040601073001202308
040601075701202308
040601075707202308
040601076501202308
040601076507202308
040601077301202308
040601077307202308
040601078101202308
040601078107202308
040601079001202308
040601079009202308
040601080301202308
040601080307202308
040601081101202308
040601082001202308
040601082007202308
040601083801202308
040601084601202308
040601085401202308
040601085409202308
040601086201202308
040601086209202308
040601087001202308
040601087009202308
040601088901202308
040601089701202308
040601090001202308
040601090007202308
040601091901202308
040601091907202308
040601091909202308
040601092701202308
040601093501202308
040601094301202308
040601095101202308
040601096001202308
040601096003202308
040601096007202308
040601097801202308
040601097803202308
040601097807202308
040601098601202308
040601099401202308
040601100101202308
040601100109202308
040601101001202308
040601101009202308
040601102801202308
040601102809202308
040601103601202308
040601103609202308
040601104401202308
040601104407202308
040601104409202308
040601105201202308
040601105209202308
040601107901202308
040601108701202308
040601108709202308
040601109501202308
040601109509202308
040601110901202308
040601110909202308
040601111701202308
040601111709202308
040601112501202308
040601112509202308
040601113301202308
040601113307202308
040601113309202308
040601114101202308
040601114109202308
040601115001202308
040601115007202308
040601115009202308
040601116801202308
040601116809202308
040601117601202308
040601117609202308
040601118401202308
040601118409202308
040601119201202308
040601119209202308
040601120601202308
040601121401202308
040601121407202308
040601122201202308
040601122207202308
040601123001202308
040601124901202308
040601125701202308
040601126501202308
040601126507202308
040601127301202308
040601127307202308
040601128101202308
040601128107202308
040601129001202308
040601129007202308
040601130301202308
040601130307202308
040601131101202308
040601131107202308
040601132001202308
040601132007202308
040601133801202308
040601133807202308
040601134601202308
040601134607202308
040601135401202308
040601135407202308
040601136201202308
040601136207202308
040601137001202308
040601137007202308
040601138901202308
040601138907202308
040601139701202308
040601139707202308
040601140001202308
040601140007202308
040601141901202308
040601141907202308
040601142701202308
040601142707202308
040601143501202308
040601143507202308
040601144301202308
040601144307202308
040601145101202308
040601145107202308
040601146001202308
040601146007202308
040601147801202308
040601147807202308
040601148601202308
040601148607202308
040601149401202308
040601149407202308
040601150801202308
040601150807202308
040601151601202308
040601151607202308
040601152401202308
040602001901202308
040602001907202308
040602002701202308
040602002707202308
040602003501202308
040602003507202308
040602004301202308
040602004307202308
040602005101202308
040602005107202308
040602007801202308
040602007807202308
040602007809202308
040602010801202308
040602011601202308
040602011607202308
040602011609202308
040602012401202308
040602012407202308
040602015901202308
040602015907202308
040602015909202308
040602016701202308
040602016707202308
040602016709202308
040602019101202308
040602019107202308
040602021301202308
040602022101202308
040602023001202308
040602024801202308
040602024807202308
040602025601202308
040602025607202308
040602026401202308
040602026407202308
040602027201202308
040602027207202308
040602028001202308
040602028007202308
040602030201202308
040602030207202308
040602031001202308
040602031007202308
040602032901202308
040602032907202308
040602033701202308
040602033707202308
040602034501202308
040602034507202308
040602035301202308
040602035307202308
040602036101202308
040602036107202308
040602037001202308
040602037007202308
040602038801202308
040602038807202308
040602039601202308
040602039607202308
040602040001202308
040602040007202308
040602041801202308
040602041807202308
040602042601202308
040602042607202308
040602043401202308
040602043407202308
040602044201202308
040602044207202308
040602045001202308
040602046901202308
040602046907202308
040602047701202308
040602047707202308
040602048501202308
040602048507202308
040602049301202308
040602049307202308
040602050701202308
040602050707202308
040602051501202308
040602051507202308
040602052301202308
040602053101202308
040602053107202308
040602054001202308
040602054007202308
040602055801202308
040602055807202308
040602056601202308
040602056607202308
040602056609202308
040602057401202308
040602057407202308
040602057409202308
040602058201202308
040602058207202308
040602059001202308
040602059007202308
040602060401202308
040602060407202308
040602060409202308
040602062001202308
040602062003202308
040602062007202308
040602062009202308
040603001401202308
040603002201202308
040603003001202308
040603004901202308
040603005701202308
040603005707202308
040603006501202308
040603007301202308
040603008101202308
040603008107202308
040603009001202308
040603009007202308
040603010301202308
040603010307202308
040603011101202308
040603011107202308
040603012001202308
040603012007202308
040603013801202308
040603013807202308
040603014601202308
040603014607202308
040603015401202308
040603015407202308
040604001001202308
040604001007202308
040604002801202308
040604002807202308
040604004401202308
040604004407202308
040604005201202308
040604005207202308
040604006001202308
040604006007202308
040604007901202308
040604007907202308
040604008701202308
040604009501202308
040604010901202308
040604010907202308
040604011701202308
040604011707202308
040604012501202308
040604012507202308
040604013301202308
040604014101202308
040604014107202308
040604015001202308
040604016801202308
040604017601202308
040604018401202308
040604019201202308
040604019207202308
040604020601202308
040604020607202308
040604020609202308
040604021401202308
040604021407202308
040604022201202308
040604022207202308
040604023001202308
040604023007202308
040604024901202308
040604024907202308
040604025701202308
040604025707202308
040604025709202308
040604026501202308
040604026507202308
040604027301202308
040604027307202308
040604027309202308
040604028101202308
040604029001202308
040604029007202308
040604029009202308
040604030301202308
040604030307202308
040604030309202308
040604031101202308
040604031107202308
040604031109202308
040604032001202308
040604032007202308
040604033801202308
040604033807202308
040605001501202308
040605001507202308
040605001509202308
040605002301202308
040605002307202308
040605002309202308
040605003101202308
040605003107202308
040605003109202308
040605004001202308
040605004007202308
040605004009202308
040605005801202308
040605005807202308
040605005809202308
040605006601202308
040605006607202308
040605006609202308
040605007401202308
040605007407202308
040605007409202308
040605008201202308
040605008207202308
040605008209202308
040605009001202308
040605009007202308
040605010401202308
040605010407202308
040605011201202308
040605012001202308
040605012007202308
040605012009202308
040605013901202308
040605013907202308
040605013909202308
040701001701202308
040701001707202308
040701003301202308
040701003307202308
040701004101202308
040701005001202308
040701005007202308
040701006801202308
040701006807202308
040701007601202308
040701008401202308
040701008407202308
040701009201202308
040701009207202308
040701010601202308
040701010607202308
040701011401202308
040701011407202308
040701012201202308
040701013001202308
040701014901202308
040701015701202308
040701015707202308
040701016501202308
040701016507202308
040701017301202308
040701018101202308
040701019001202308
040701019007202308
040701020301202308
040701020307202308
040701021101202308
040701021107202308
040701021109202308
040701022001202308
040701022007202308
040701022009202308
040701023801202308
040701023807202308
040701027001202308
040701027007202308
040701028901202308
040701029701202308
040701029707202308
040701030001202308
040701033501202308
040701033507202308
040701034301202308
040701034307202308
040701035101202308
040701035107202308
040701036001202308
040701037801202308
040701038601202308
040702001201202308
040702002001202308
040702003901202308
040702003907202308
040702004701202308
040702004707202308
040702006301202308
040702006307202308
040702007101202308
040702007107202308
040702008001202308
040702008007202308
040702009801202308
040702009807202308
040702010101202308
040702010107202308
040702011001202308
040702011007202308
040702011009202308
040702013601202308
040702013607202308
040702013609202308
040702014401202308
040702014407202308
040702014409202308
040702015201202308
040702015207202308
040702017901202308
040702017907202308
040702018701202308
040702018707202308
040702019501202308
040702019507202308
040702020901202308
040702020907202308
040702021701202308
040702021709202308
040702022501202308
040702022507202308
040702022509202308
040702023301202308
040702023307202308
040702024101202308
040702024107202308
040702025001202308
040702025007202308
040702026801202308
040702026807202308
040702026809202308
040702027601202308
040702027607202308
040702027609202308
040702028401202308
040702028407202308
040702028409202308
040702029201202308
040702029207202308
040702030601202308
040702030607202308
040702032201202308
040702032207202308
040702032209202308
040702033001202308
040702034901202308
040702035701202308
040702036501202308
040702036507202308
040702038101202308
040702038107202308
040702040301202308
040702040307202308
040702041101202308
040702041107202308
040702042001202308
040702042007202308
040702043801202308
040702043807202308
040702044601202308
040702044607202308
040702045401202308
040702045407202308
040702045409202308
040702046201202308
040702046207202308
040702047001202308
040702047007202308
040702047009202308
040703001801202308
040703001807202308
040703002601202308
040703002607202308
040703003401202308
040703003407202308
040703003409202308
040703004201202308
040703004207202308
040703005001202308
040703005007202308
040703006901202308
040703006907202308
040703007701202308
040703007707202308
040703007709202308
040703012301202308
040703012307202308
040703013101202308
040703013107202308
040703014001202308
040703014007202308
040703015801202308
040703015807202308
040703016601202308
040703016607202308
040703017401202308
040703017407202308
040703018201202308
040703018207202308
040703019001202308
040703019007202308
040703020401202308
040703021201202308
040703022001202308
040703024701202308
040703025501202308
040703025507202308
040704001301202308
040704001307202308
040704002101202308
040704002107202308
040704003001202308
040704003007202308
040704004801202308
040704004807202308
040704005601202308
040704005607202308
040704006401202308
040704006407202308
040704006409202308
040704007201202308
040704007207202308
040704007209202308
040704008001202308
040704008007202308
040704008009202308
040704009901202308
040704009907202308
040704009909202308
040704010201202308
040704010207202308
040704010209202308
040704011001202308
040704011007202308
040704011009202308
040704012901202308
040704012907202308
040704012909202308
040704013701202308
040704013707202308
040704013709202308
040704014501202308
040704014507202308
040704014509202308
040704015301202308
040704015307202308
040704015309202308
040704016101202308
040704016107202308
040704017001202308
040704017007202308
040704017009202308
040704018801202308
040704018807202308
040704020001202308
040704020007202308
040704022601202308
040704022607202308
040704022609202308
040704023401202308
040704023407202308
040704024201202308
040704024207202308
040704025001202308
040704025007202308
040704026901202308
040704026907202308
040801001001202308
040801001007202308
040801002901202308
040801002907202308
040801003701202308
040801003707202308
040801004501202308
040801005301202308
040801006101202308
040801007001202308
040801007007202308
040801008801202308
040801008807202308
040801009601202308
040801009607202308
040801009609202308
040801010001202308
040801010007202308
040801010009202308
040801011801202308
040801011807202308
040801011809202308
040801013401202308
040801013407202308
040801013409202308
040801014201202308
040801014207202308
040801014209202308
040801015001202308
040801015007202308
040801015009202308
040801016901202308
040801016907202308
040801017701202308
040801017707202308
040801018501202308
040801018507202308
040801018509202308
040801019301202308
040801019307202308
040801020701202308
040801020707202308
040801020709202308
040801021501202308
040801021509202308
040801022301202308
040801022307202308
040801022309202308
040801023101202308
040801023109202308
040802001601202308
040802001607202308
040802002401202308
040802002407202308
040802003201202308
040802003207202308
040802004001202308
040802005901202308
040802006701202308
040802007501202308
040802008301202308
040802009101202308
040802010501202308
040802010507202308
040802010509202308
040802011301202308
040802011307202308
040802012101202308
040802012107202308
040802012109202308
040802013001202308
040802013007202308
040802014801202308
040802014807202308
040802014809202308
040802015601202308
040802015607202308
040802016401202308
040802016407202308
040802016409202308
040802017201202308
040802017207202308
040802017209202308
040802018001202308
040802018007202308
040802018009202308
040802019901202308
040802019907202308
040802019909202308
040802020201202308
040802020207202308
040802020209202308
040802021001202308
040802021007202308
040802022901202308
040802022907202308
040802022909202308
040802024501202308
040802024507202308
040802024509202308
040802025301202308
040802025307202308
040802026101202308
040802026107202308
040802027001202308
040802027007202308
040802028801202308
040802028807202308
040802029601202308
040802029607202308
040802029609202308
040802030001202308
040802030007202308
040802030009202308
040802031801202308
040802031807202308
040802031809202308
040802032601202308
040802032607202308
040802032609202308
040802033401202308
040802033407202308
040802034201202308
040802034207202308
040802034209202308
040802035001202308
040802035007202308
040802036901202308
040802036907202308
040802037701202308
040802037707202308
040802037709202308
040802038501202308
040802038507202308
040802039301202308
040802039307202308
040802040701202308
040802040707202308
040802041501202308
040802041507202308
040802042301202308
040802042307202308
040802043101202308
040802043107202308
040802044001202308
040802044007202308
040802044009202308
040802045801202308
040802045807202308
040802046601202308
040802046607202308
040802047401202308
040802047407202308
040802047409202308
040802048201202308
040802048207202308
040802048209202308
040802049001202308
040802049007202308
040802049009202308
040802050401202308
040802050407202308
040802050409202308
040802051201202308
040802051207202308
040802051209202308
040802052001202308
040802052007202308
040802052009202308
040802053901202308
040802053907202308
040802053909202308
040802054701202308
040802054707202308
040802055501202308
040802055507202308
040802055509202308
040802056301202308
040802056307202308
040802057101202308
040802057107202308
040802058001202308
040802058007202308
040802059801202308
040802059807202308
040802059809202308
040802060101202308
040802060107202308
040802060109202308
040802061001202308
040802061007202308
040802061009202308
040802062801202308
040802062807202308
040802062809202308
040802063601202308
040802063607202308
040802063609202308
040802064401202308
040802064407202308
040802064409202308
040803001101202308
040803001107202308
040803002001202308
040803002007202308
040803003801202308
040803003807202308
040803004601202308
040803005401202308
040803005407202308
040803006201202308
040803006207202308
040803007001202308
040803007007202308
040803008901202308
040803008907202308
040803009701202308
040803009707202308
040803010001202308
040803010007202308
040803011901202308
040803011907202308
040803012701202308
040803012707202308
040803013501202308
040803014301202308
040803015101202308
040803016001202308
040803017801202308
040803017807202308
040803018601202308
040803019401202308
040803020801202308
040803021601202308
040803022401202308
040803023201202308
040803023207202308
040803024001202308
040803024007202308
040803025901202308
040803025907202308
040803026701202308
040803026707202308
040803027501202308
040803027507202308
040803028301202308
040803028307202308
040803029101202308
040803029107202308
040803030501202308
040803030507202308
040803031301202308
040803031307202308
040803032101202308
040803032107202308
040803033001202308
040803033007202308
040803034801202308
040803034807202308
040803035601202308
040803036401202308
040803036407202308
040803037201202308
040803037207202308
040803038001202308
040803038007202308
040803039901202308
040803039907202308
040803040201202308
040803040207202308
040803041001202308
040803041007202308
040803042901202308
040803042907202308
040803043701202308
040803043707202308
040803044501202308
040803044507202308
040803045301202308
040803045307202308
040803046101202308
040803046107202308
040803047001202308
040803047007202308
040803050001202308
040803050007202308
040803051801202308
040803051807202308
040803052601202308
040803052607202308
040803053401202308
040803053407202308
040803054201202308
040803054207202308
040803055001202308
040803055007202308
040803056901202308
040803056907202308
040803057701202308
040803057707202308
040803058501202308
040803058507202308
040803059301202308
040803059307202308
040803060701202308
040803060707202308
040803061501202308
040803061507202308
040803062301202308
040803062307202308
040803063101202308
040803063107202308
040803064001202308
040803064007202308
040803065801202308
040803065807202308
040803066601202308
040803066607202308
040803067401202308
040803067407202308
040803068201202308
040803068207202308
040803069001202308
040803069007202308
040803070401202308
040803071201202308
040803071207202308
040803072001202308
040803072007202308
040803073901202308
040803073907202308
040803074701202308
040803074707202308
040803075501202308
040803075507202308
040803075509202308
040803076301202308
040803076307202308
040803077101202308
040803077107202308
040803078001202308
040803079801202308
040803080101202308
040803080107202308
040803081001202308
040803081007202308
040803082801202308
040803082807202308
040803083601202308
040803083607202308
040803084401202308
040803084407202308
040803085201202308
040803085207202308
040803086001202308
040803086007202308
040803087901202308
040803087907202308
040803088701202308
040803088707202308
040803089501202308
040803089507202308
040803090901202308
040803090907202308
040803091701202308
040803091707202308
040804001701202308
040804001707202308
040804002501202308
040804002507202308
040804003301202308
040804003307202308
040804004101202308
040804004107202308
040804005001202308
040804006801202308
040804007601202308
040804008401202308
040804009201202308
040804010601202308
040804010607202308
040804011401202308
040804011407202308
040804012201202308
040804012207202308
040804013001202308
040804013007202308
040804014901202308
040804014907202308
040804015701202308
040804015707202308
040804016501202308
040804016507202308
040804017301202308
040804017307202308
040804018101202308
040804018107202308
040804018109202308
040804019001202308
040804019007202308
040804019009202308
040804020301202308
040804020307202308
040804022001202308
040804022007202308
040804023801202308
040804023807202308
040804024601202308
040804024607202308
040804025401202308
040804025407202308
040804026201202308
040804026207202308
040804027001202308
040804027007202308
040804028901202308
040804028907202308
040804029701202308
040804029707202308
040804030001202308
040804030007202308
040804031901202308
040804031907202308
040804032701202308
040804032707202308
040804033501202308
040804033507202308
040804034301202308
040804034307202308
040805001201202308
040805001207202308
040805002001202308
040805002007202308
040805003901202308
040805003907202308
040805004701202308
040805004707202308
040805005501202308
040805006301202308
040805007101202308
040805008001202308
040805008007202308
040805010101202308
040805010107202308
040805011001202308
040805011007202308
040805012801202308
040805012807202308
040805013601202308
040805013607202308
040805014401202308
040805014407202308
040805014409202308
040805015201202308
040805015207202308
040805016001202308
040805016007202308
040805016009202308
040805017901202308
040805017907202308
040805019501202308
040805019507202308
040805019509202308
040805020901202308
040805020907202308
040805020909202308
040805021701202308
040805021707202308
040805021709202308
040805022501202308
040805022507202308
040805022509202308
040805023301202308
040805023307202308
040805024101202308
040805024107202308
040805024109202308
040805025001202308
040805025007202308
040805025009202308
040805026801202308
040805026807202308
040805026809202308
040805027601202308
040805027607202308
040805027609202308
040805028401202308
040805028407202308
040805028409202308
040805029201202308
040805029207202308
040805029209202308
040805030601202308
040805030607202308
040805031401202308
040805031407202308
040805032201202308
040805032207202308
040805032209202308
040805033001202308
040805033007202308
040805034901202308
040805034907202308
040805034909202308
040805035701202308
040805035707202308
040805035709202308
040805036501202308
040805036507202308
040805037301202308
040805037307202308
040805037309202308
040805038101202308
040805038107202308
040805039001202308
040805039007202308
040805039009202308
040805040301202308
040805041101202308
040805041107202308
040805042001202308
040805042007202308
040805043801202308
040805043807202308
040805044601202308
040805044607202308
040805044609202308
040805045401202308
040805045407202308
040805046201202308
040805046207202308
040805047001202308
040805047007202308
040805048901202308
040805048907202308
040805049701202308
040805049707202308
040805050001202308
040805050007202308
040805051901202308
040805051907202308
040805052701202308
040805052707202308
040805053501202308
040805053507202308
040805054301202308
040805054307202308
040805055101202308
040805055107202308
040805056001202308
040805056007202308
040805057801202308
040805057807202308
040805058601202308
040805058607202308
040805059401202308
040805059407202308
040805060801202308
040805060807202308
040805061601202308
040805061607202308
040805062401202308
040805062407202308
040805063201202308
040805063207202308
040805064001202308
040805064007202308
040805064009202308
040805065901202308
040805065907202308
040805065909202308
040805066701202308
040805066709202308
040805067501202308
040805067507202308
040805068301202308
040805068307202308
040805069101202308
040805069107202308
040805069109202308
040805070501202308
040805070507202308
040805071301202308
040805071307202308
040805072101202308
040805072107202308
040805073001202308
040805073007202308
040805073009202308
040805074801202308
040805074807202308
040805074809202308
040805075601202308
040805075607202308
040805075609202308
040805076401202308
040805076407202308
040805076409202308
040805077201202308
040805077207202308
040805078001202308
040805078007202308
040805079901202308
040805079907202308
040805080201202308
040805080207202308
040805081001202308
040805081007202308
040805082901202308
040805082907202308
040805082909202308
040805083701202308
040805083707202308
040805084501202308
040805084507202308
040805085301202308
040805085307202308
040805086101202308
040805086107202308
040805087001202308
040805087007202308
040805088801202308
040805088807202308
040805088809202308
040805089601202308
040805089607202308
040805089609202308
040805090001202308
040805091801202308
040805091807202308
040805091809202308
040805092601202308
040805092607202308
040805092609202308
040806001801202308
040806001807202308
040806001809202308
040806002601202308
040806002607202308
040806003401202308
040806003407202308
040806004201202308
040806004207202308
040806004209202308
040806005001202308
040806005007202308
040806005009202308
040806006901202308
040806006907202308
040806007701202308
040806007707202308
040806008501202308
040806008507202308
040806008509202308
040806009301202308
040806009307202308
040806010701202308
040806010707202308
040806011501202308
040806011507202308
040806011509202308
040806012301202308
040806012307202308
040806012309202308
040806013101202308
040806013107202308
040806013109202308
040806014001202308
040806014007202308
040806014009202308
040806015801202308
040806015807202308
040806015809202308
040806016601202308
040806016607202308
040806017401202308
040806017407202308
040806018201202308
040806018207202308
040806019001202308
040806019007202308
040806020401202308
040806020407202308
040806020409202308
040806021201202308
040806021207202308
040806021209202308
040806023901202308
040806023907202308
040806024701202308
040806024707202308
040806025501202308
040806025507202308
040806026301202308
040806026307202308
040806027101202308
040806027107202308
040806028001202308
040806028007202308
040806029801202308
040806029807202308
040806029809202308
040806030101202308
040806030107202308
040806030109202308
040806031001202308
040806031007202308
040806031009202308
040806032801202308
040806032807202308
040806032809202308
040806033601202308
040806033607202308
040806033609202308
040806034401202308
040806034407202308
040806034409202308
040806035201202308
040806035207202308
040806035209202308
040806036001202308
040806036007202308
040806036009202308
040806037901202308
040806037907202308
040806037909202308
040806038701202308
040806038707202308
040806039501202308
040806039507202308
040806039509202308
040806040901202308
040806040907202308
040806040909202308
040806041701202308
040806041707202308
040806041709202308
040806042501202308
040806042507202308
040806042509202308
040806043301202308
040806043307202308
040806043309202308
040806044101202308
040806044107202308
040806044109202308
040806045001202308
040806045007202308
040806045009202308
040806046801202308
040806046807202308
040806046809202308
040806047601202308
040806047607202308
040806047609202308
040806048401202308
040806048407202308
040806048409202308
040806049201202308
040806049207202308
040806050601202308
040806050607202308
040806051401202308
040806051407202308
040806052201202308
040806052207202308
040806053001202308
040806053007202308
040806053009202308
040806054901202308
040806054907202308
040806054909202308
040806055701202308
040806055707202308
040806056501202308
040806056507202308
040806056509202308
040806057301202308
040806057307202308
040806057309202308
040806058101202308
040806058107202308
040806058109202308
040806059001202308
040806059007202308
040806060301202308
040806060307202308
040806060309202308
040806061101202308
040806062001202308
040806062007202308
040806063801202308
040806063807202308
040806063809202308
040806064601202308
040806064607202308
040806066201202308
040806066207202308
040806067001202308
040806067007202308
040806067009202308
040806069701202308
040806069707202308
040806070001202308
040806070007202308
040806070009202308
040901001401202308
040901001407202308
040901002201202308
040901002207202308
040901003001202308
040901003007202308
040901004901202308
040901004907202308
040901005701202308
040901005707202308
040901006501202308
040901006507202308
040901006509202308
040901007301202308
040901007307202308
040901008101202308
040901008107202308
040901009001202308
040901009007202308
040901009009202308
040901012001202308
040901012007202308
040901012009202308
040901013801202308
040901013807202308
040901014601202308
040901014607202308
040901014609202308
040901017001202308
040901017007202308
040901017009202308
040901018901202308
040901018907202308
040901019701202308
040901019707202308
040901020001202308
040901020007202308
040901021901202308
040901022701202308
040901022707202308
040901023501202308
040901023507202308
040901024301202308
040901024307202308
040901025101202308
040901025107202308
040901026001202308
040901026007202308
040901028601202308
040901028607202308
040901029401202308
040901029407202308
040901030801202308
040901030807202308
040901031601202308
040901031607202308
040901032401202308
040901032407202308
040901033201202308
040901033207202308
040901034001202308
040901034007202308
040901036701202308
040901036707202308
040901037501202308
040901037507202308
040901037509202308
040901038301202308
040901038307202308
040901038309202308
040901039101202308
040901039107202308
040901039109202308
040901040501202308
040901040507202308
040901041301202308
040901041307202308
040901043001202308
040901043007202308
040901043009202308
040901045601202308
040901045607202308
040901046401202308
040901046407202308
040901047201202308
040901047207202308
040901048001202308
040901048007202308
040901048009202308
040901049901202308
040901050201202308
040901050207202308
040901051001202308
040901051007202308
040901051009202308
040901052901202308
040901052907202308
040901053701202308
040901053707202308
040901054501202308
040901054507202308
040901055301202308
040901055307202308
040901056101202308
040901056107202308
040901057001202308
040901057007202308
040901058801202308
040901058807202308
040901059601202308
040901059607202308
040901059609202308
040902001001202308
040902001007202308
040902001009202308
040902002801202308
040902002807202308
040902002809202308
040902004401202308
040902004407202308
040902004409202308
040902005201202308
040902005207202308
040902007901202308
040902007907202308
040902007909202308
040902008701202308
040902008707202308
040902008709202308
040902009501202308
040902009507202308
040902009509202308
040902010901202308
040902010907202308
040902010909202308
040902012501202308
040902012507202308
040902012509202308
040902013301202308
040902013307202308
040902013309202308
040902014101202308
040902014107202308
040902014109202308
040902015001202308
040902015007202308
040902015009202308
040902016801202308
040902016807202308
040902016809202308
040902017601202308
040902017607202308
040902017609202308
040903001501202308
040903001509202308
040903002301202308
040903003101202308
040903004001202308
040904001001202308
040904001007202308
040904001009202308
040904003701202308
040904003707202308
040904003709202308
040904004501202308
040904004507202308
040904005301202308
040904005307202308
040904005309202308
040904007001202308
040904007007202308
040904007009202308
040904008801202308
040904008807202308
040904008809202308
040904009601202308
040904009607202308
040904009609202308
040904011801202308
040904011807202308
040904011809202308
040904012601202308
040904012607202308
040904012609202308
040904013401202308
040904013407202308
040904013409202308
040904014201202308
040904014209202308
040904015001202308
040904015007202308
040904015009202308
040904016901202308
040904016907202308
040904016909202308
040904017701202308
040904017707202308
040904017709202308
040904018501202308
040904018507202308
040904018509202308
040904019301202308
040904019307202308
040904019309202308
040904020701202308
040904020707202308
040904020709202308
040904021501202308
040904021507202308
040904021509202308
040904022301202308
040904022309202308
040904023101202308
040904023107202308
040904023109202308
040904024001202308
040904024009202308
040905001601202308
040905001607202308
040905002401202308
040905002407202308
040905002409202308
040905003201202308
040905003209202308
040905004001202308
040905004007202308
040905004009202308
040905007501202308
040905007507202308
040905007509202308
040905008301202308
040905008307202308
040905008309202308
040905009101202308
040905009107202308
040905009109202308
040905010501202308
040905010507202308
040905010509202308
040905011301202308
040905011307202308
040905011309202308
040905013001202308
040905014801202308
040906001101202308
040906001102202308
040906001107202308
040906001109202308
040906002001202308
040906003801202308
040906003809202308
040906004601202308
040906004607202308
040906004609202308
040906005401202308
040906005402202308
040906005409202308
040906007001202308
040906007002202308
040906007009202308
040906010001202308
040906010007202308
040906011901202308
040906011907202308
040906012701202308
040906012707202308
040906013501202308
040906013507202308
040906014301202308
040906014307202308
040906015101202308
040906015107202308
040906016001202308
040906016007202308
040906017801202308
040906017807202308
040906017809202308
040906018601202308
040906018609202308
040906019401202308
040906019407202308
040906019409202308
040906020801202308
040906020807202308
040906020809202308
040906021601202308
040906021607202308
040906021609202308
040906022401202308
040906022407202308
040906022409202308
040906023201202308
040906023202202308
040906023207202308
040906023209202308
040906024001202308
040906024002202308
040906024007202308
040906024009202308
040906025901202308
040906025902202308
040906025907202308
040906025909202308
040906026701202308
040906026702202308
040906026707202308
040906026709202308
040906027501202308
040906027507202308
040906027509202308
040906028301202308
040906028307202308
040906029101202308
040907001701202308
040907001709202308
040907002501202308
040907002509202308
040907003301202308
040907003309202308
040907004101202308
040907004109202308
040907005001202308
040907006801202308
040907006809202308
040907007601202308
040907007609202308
040907008401202308
040907008409202308
040907009201202308
040907009207202308
040907009209202308
040907010601202308
040907010607202308
040907010609202308
040907011401202308
040907011407202308
040907013001202308
040907013007202308
040907013009202308
040907014901202308
040907014907202308
040907014909202308
040907015701202308
040907015707202308
040907015709202308
040907019001202308
040907019009202308
040907020301202308
040907021101202308
040907021107202308
040907022001202308
040907022007202308
040907022009202308
040907023801202308
040907023807202308
040907024601202308
040907024607202308
040907025401202308
040907025407202308
040907026201202308
040907026207202308
040907026209202308
040907027001202308
040907027009202308
040907028901202308
040907028907202308
040907028909202308
040907029701202308
040907030001202308
040907030009202308
040907031901202308
041001001401202308
041001001407202308
041001001409202308
041001005701202308
041001006501202308
041001006507202308
041001006509202308
041001007301202308
041001007307202308
041001007309202308
041001008101202308
041001008107202308
041001008109202308
041001009001202308
041001009009202308
041001011101202308
041001011107202308
041001011109202308
041001012001202308
041001012007202308
041001013801202308
041001014601202308
041001015401202308
041001016201202308
041001019701202308
041001020001202308
041001021901202308
041101001801202308
041101001802202308
041101001809202308
041101002601202308
041101002602202308
041101003401202308
041101003402202308
041101004201202308
041101004202202308
041101005001202308
041101005002202308
041101005009202308
041101007701202308
041101007702202308
041101007709202308
041101008501202308
041101008502202308
041102001301202308
041102001302202308
041102001309202308
041102002101202308
041102002102202308
041102002109202308
041102003001202308
041102003002202308
041102004801202308
041102004802202308
041201001101202308
041201001107202308
041201002001202308
041201002007202308
041201003801202308
041201003807202308
041201003809202308
041201004601202308
041201004607202308
041201004609202308
041201007001202308
041201007007202308
041201008901202308
041201008907202308
041201009701202308
041201009707202308
041201010001202308
041201010007202308
041201011901202308
041201011907202308
041201013501202308
041201013507202308
041201014301202308
041201014307202308
041202001701202308
041202001707202308
041202002501202308
041202002507202308
041202003301202308
041202003307202308
041202005001202308
041202005007202308
041202006801202308
041202006807202308
041202007601202308
041202007607202308
041202008401202308
041202008407202308
041203001201202308
041203001207202308
041203004701202308
041203004707202308
041203008001202308
041203008007202308
041203009801202308
041203009807202308
041203009809202308
041203010101202308
041203010107202308
041203011001202308
041203011007202308
041204001801202308
041204001807202308
041204001809202308
041204002601202308
041204002607202308
041204003401202308
041204003407202308
041204004201202308
041204004207202308
041204005001202308
041204005007202308
041204006901202308
041204006907202308
041204008501202308
041204008507202308
041204008509202308
041204010701202308
041204010707202308
041204011501202308
041204011507202308
041204012301202308
041204012307202308
041204013101202308
041204013107202308
041204015801202308
041204015807202308
041204016601202308
041204016607202308
041204017401202308
041204017407202308
041204018201202308
041204018207202308
041204019001202308
041204019007202308
041204020401202308
041204020407202308
041204021201202308
041204021207202308
041204022001202308
041204022007202308
041204022009202308
041205001301202308
041205001307202308
041205003001202308
041205003007202308
041205004801202308
041205004807202308
041205006401202308
041205006407202308
041205007201202308
041205007207202308
041205008001202308
041205008007202308
041205010201202308
041205010207202308
041205011001202308
041205011007202308
041205013701202308
041205013707202308
041205014501202308
041205014507202308
041205015301202308
041205015307202308
041205016101202308
041205016107202308
041301001501202308
041301001507202308
041301006601202308
041301008201202308
041301008207202308
041301009001202308
041301009007202308
041303001601202308
041303001607202308
041303001609202308
041303002401202308
041303002407202308
041303002409202308
041303003201202308
041303003209202308
041303005901202308
041303005907202308
041303005909202308
041303006701202308
041303006709202308
041303007501202308
041303007509202308
041303008301202308
041303008307202308
041303008309202308
041304002001202308
041304002007202308
041304003801202308
041304004601202308
041304005401202308
041304005409202308
041304006201202308
041304006209202308
041304007001202308
041304007009202308
041304008901202308
041304008909202308
041304009701202308
041304009707202308
041304010001202308
041304010007202308
041304011901202308
041304011907202308
041304011909202308
041304012701202308
041304012707202308
041304012709202308
041304013501202308
041304013507202308
041304013509202308
041304014301202308
041304014307202308
041304014309202308
041304015101202308
041304015107202308
041304015109202308
041304016001202308
041304016007202308
041304017801202308
041304017807202308
041304018601202308
041304018607202308
041304018609202308
041304019401202308
041304019407202308
041304019409202308
041304020801202308
041304020807202308
041304020809202308
041304021601202308
041304021607202308
041304021609202308
041304022401202308
041304022407202308
041304022409202308
041304023201202308
041304023207202308
041304023209202308
041304024001202308
041304024007202308
041304025901202308
041304025909202308
041304026701202308
041401002701202308
041401003501202308
041401025601202308
041401025607202308
041401025609202308
041401027201202308
041401027207202308
041401027209202308
041401032901202308
041401032907202308
041401032909202308
041401034501202308
041401034507202308
041401034509202308
041402002201202308
041402002203202308
041402002207202308
041402002209202308
041402003001202308
041402003003202308
041402003007202308
041402003009202308
041402004901202308
041402004903202308
041402004907202308
041402004909202308
041402005701202308
041402005703202308
041402005707202308
041402005709202308
041402006501202308
041402006503202308
041402006507202308
041402006509202308
041402007301202308
041402007303202308
041402007307202308
041402007309202308
041402008101202308
041402008103202308
041402008107202308
041402008109202308
041402009001202308
041402009003202308
041402009007202308
041402009009202308
041402014601202308
041402014603202308
041402014607202308
041402014609202308
041402015401202308
041402015403202308
041402015407202308
041402015409202308
041402016201202308
041402016203202308
041402016207202308
041402016209202308
041402020001202308
041402020003202308
041402020007202308
041402020009202308
041402021901202308
041402021903202308
041402021907202308
041402021909202308
041402024301202308
041402024303202308
041402024307202308
041402024309202308
041402027801202308
041402027803202308
041402027807202308
041402027809202308
041402029401202308
041402029403202308
041402029407202308
041402029409202308
041402036701202308
041402036703202308
041402036707202308
041402036709202308
041402037501202308
041402037503202308
041402037507202308
041402037509202308
041402041301202308
041402041303202308
041402041307202308
041402041309202308
041501001201202308
041501001207202308
041502001801202308
041502003401202308
041502003407202308
041502004201202308
041502004207202308
041502005001202308
041502005007202308
041502006901202308
041502006907202308
041502007701202308
041502007707202308
041502008501202308
041503001301202308
041503001307202308
041504002701202308
041504002707202308
041504003501202308
041504003507202308
041601001601202308
041601001607202308
041601002401202308
041601002407202308
041601003201202308
041601003207202308
041601004001202308
041601004007202308
041601007501202308
041601007507202308
041601009101202308
041601009107202308
041601011301202308
041601011307202308
041601011309202308
041601012101202308
041601013001202308
041601016401202308
041601016407202308
041601017201202308
041601017207202308
041601017209202308
041601018001202308
041601018007202308
041601019901202308
041601019907202308
041601020201202308
041601020207202308
041601021001202308
041601021007202308
041601022901202308
041601022907202308
041602002001202308
041602002007202308
041602015101202308
041602015107202308
041602016001202308
041602016007202308
041602017801202308
041602017807202308
041602017809202308
041602018601202308
041602018607202308
041602018609202308
041602019401202308
041602019407202308
041602020801202308
041602020807202308
041602021601202308
041602021607202308
041602021609202308
041602022401202308
041602022407202308
041602023201202308
041602023207202308
041602024001202308
041602024007202308
041602024009202308
041602025901202308
041602025907202308
041603001701202308
041603001707202308
041603001709202308
041603002501202308
041603002507202308
041603002509202308
041603003301202308
041603003307202308
041603003309202308
041603004101202308
041603004107202308
041603004109202308
041603006801202308
041603006807202308
041603007601202308
041603008401202308
041603008407202308
041603009201202308
041603009207202308
041603014901202308
041603014907202308
041603014909202308
041603015701202308
041603015707202308
041603015709202308
041603016501202308
041603016507202308
041603017301202308
041603017307202308
041603018101202308
041603018107202308
041603019001202308
041603020301202308
041603020307202308
041603021101202308
041603021107202308
041603022001202308
041603022007202308
041603023801202308
041603023807202308
041603024601202308
041603024607202308
041603025401202308
041603026201202308
041603027001202308
041603027007202308
041603028901202308
041603029701202308
041603030001202308
041603030007202308
041603031901202308
041603031907202308
041603032701202308
041603032707202308
041603032709202308
041603033501202308
041603033507202308
041603033509202308
041603034301202308
041603034307202308
041603035101202308
041603035107202308
041603035109202308
041603036001202308
041603036007202308
041604001201202308
041604001207202308
041604002001202308
041604002007202308
041604003901202308
041604003907202308
041604004701202308
041604004707202308
041604005501202308
041604005507202308
041604007101202308
041604007107202308
041604010101202308
041604010107202308
041604011001202308
041604011007202308
041604012801202308
041604012807202308
041604014401202308
041604014407202308
041604017901202308
041604017909202308
041604018701202308
041604018709202308
041604019501202308
041604019509202308
041604020901202308
041604020907202308
041604021701202308
041604021707202308
041604022501202308
041604022507202308
041604023301202308
041604023307202308
041604024101202308
041604024107202308
041604025001202308
041604025007202308
041604026801202308
041604026807202308
041604027601202308
041604027607202308
041604028401202308
041604029201202308
041604030601202308
041605001801202308
041605001807202308
041605002601202308
041605002607202308
041605003401202308
041605003407202308
041605005001202308
041605005007202308
041605007701202308
041605007707202308
041605009301202308
041605009307202308
041605010701202308
041605010707202308
041605011501202308
041605011507202308
041606001301202308
041606001307202308
041606001309202308
041606002101202308
041606002107202308
041606003001202308
041606003007202308
041606005601202308
041606005607202308
041606006401202308
041606006407202308
041606008001202308
041606008007202308
041606009901202308
041606009907202308
041606010201202308
041606010207202308
041606011001202308
041606011007202308
041606012901202308
041606012907202308
041608001401202308
041608001407202308
041608001409202308
041608003001202308
041608003007202308
041608003009202308
041608008101202308
041608008107202308
041608009001202308
041608009007202308
041608011101202308
041608011107202308
041608012001202308
041608012007202308
041608012009202308
041609001001202308
041609001007202308
041609002801202308
041609002807202308
041609003601202308
041609003607202308
041609007901202308
041609007907202308
041609010901202308
041609010907202308
041609011701202308
041609011707202308
041609012501202308
041609012507202308
041609013301202308
041609013307202308
041611001001202308
041611001007202308
041611002901202308
041611002907202308
041611003701202308
041611003707202308
041611004501202308
041611004507202308
041611005301202308
041611005307202308
041611006101202308
041611006107202308
041611007001202308
041611007007202308
041611008801202308
041611008807202308
041612002401202308
041612003201202308
041612004001202308
041612004009202308
041612005901202308
041612005909202308
050103006901202308
050103006903202308
050103006907202308
050201001074202308
050201001075202308
050201001076202308
050201001077202308
050201001078202308
050201001079202308
050201002977202308
050201002978202308
050201002979202308
050201002980202308
050201002981202308
050201002982202308
050301001401202308
050301001403202308
050301001474202308
050301001475202308
050301001476202308
050301001477202308
050301001478202308
050301001479202308
050301001480202308
050301001481202308
050301001482202308
050301002201202308
050301002274202308
050301002275202308
050301002276202308
050301002277202308
050301002278202308
050301002279202308
050301002280202308
050301002281202308
050301002282202308
050302001001202308
050302002801202308
050303001574202308
050303001575202308
050303001576202308
050303001577202308
050303001578202308
050303001579202308
050303001580202308
050303001581202308
050303001582202308
050303002301202308
050303002374202308
050303002375202308
050303002376202308
050303002377202308
050303002378202308
050303002379202308
050303002380202308
050303002381202308
050303002382202308
050303003101202308
050303003174202308
050303003175202308
050303003176202308
050303003177202308
050303003178202308
050303003179202308
050303003180202308
050303003181202308
050303003182202308
050303004001202308
050303004074202308
050303004075202308
050303004076202308
050303004077202308
050303004078202308
050303004080202308
050303004081202308
050303004082202308
050303005801202308
050303005874202308
050303005875202308
050303005876202308
050303005877202308
050303005878202308
050303005879202308
050303005880202308
050303005881202308
050303005882202308
050303006601202308
050303006674202308
050303006675202308
050303006676202308
050303006677202308
050303006678202308
050303006679202308
050303006680202308
050303006681202308
050303006682202308
050303007401202308
050303007474202308
050303007475202308
050303007476202308
050303007477202308
050303007478202308
050303007479202308
050303007480202308
050303007481202308
050303007482202308
050303008201202308
050303008274202308
050303008275202308
050303008276202308
050303008277202308
050303008278202308
050303008279202308
050303008280202308
050303008281202308
050303008282202308
050303009001202308
050303009074202308
050303009075202308
050303009076202308
050303009077202308
050303009078202308
050303009079202308
050303009080202308
050303009081202308
050303009082202308
050303010401202308
050303010474202308
050303010475202308
050303010476202308
050303010477202308
050303010478202308
050303010479202308
050303010480202308
050303010481202308
050303010482202308
050304004574202308
050304004575202308
050304004576202308
050304004577202308
050304004578202308
050304004579202308
050304004580202308
050304004581202308
050304004582202308
050501001103202308
050501001107202308
050501002003202308
050501002007202308
050501003803202308
050501003807202308
050501004603202308
050501004607202308
050501005403202308
050501005407202308
050501006203202308
050501006207202308
050501007003202308
050501007007202308
050501008903202308
050501008907202308
050501009701202308
050501009707202308
050501009709202308
050501012701202308
050501012707202308
050501012709202308
050501013501202308
050501013507202308
050501013509202308
050502004101202308
050502004107202308
050502005001202308
050502005007202308
050502006801202308
050502007601202308
050502008401202308
050502009201202308
050502010601202308
050502011401202308
050502011407202308
050502012201202308
050602001012202308
050602002912202308
050602003712202308
050602004503202308
050602004507202308
050602004509202308
050602004512202308
050602005301202308
050602005303202308
050602005307202308
050602006101202308
050602006103202308
050602006107202308
050602007001202308
050602007003202308
050602007007202308
050602008801202308
050602008803202308
050602008807202308
050602009601202308
050602009603202308
050602009607202308
050602010001202308
050602010003202308
050602010007202308
050602011801202308
050602011803202308
050602011807202308
070209005001202308
070209005007202308
070209006901202308
070209006907202308
080201006765202308
080201007579202308
080201008375202308
080201009176202308
080201010574202308
080201011383202308
080201012181202308
080201013082202308
080201014877202308
080201015678202308
080201016480202308
080201021085202308
080201022986202308
080201023792202308
080201024593202308
080201025387202308
080201026187202308
080201027087202308
080201032696202308
